[[[119 119 119 255]
  [121 121 121 255]
  [119 119 119 255]
  ...
  [ 76  76  76 255]
  [ 47  47  47 255]
  [ 43  43  43 255]]

 [[ 69  69  69 255]
  [ 66  66  66 255]
  [ 65  65  65 255]
  ...
  [ 76  76  76 255]
  [ 46  46  46 255]
  [ 43  43  43 255]]

 [[ 53  53  53 255]
  [ 54  54  54 255]
  [ 52  52  52 255]
  ...
  [ 78  78  78 255]
  [ 47  47  47 255]
  [ 43  43  43 255]]

 ...

 [[ 44  44  44 255]
  [ 44  44  44 255]
  [ 44  44  44 255]
  ...
  [ 52  52  52 255]
  [ 52  52  52 255]
  [ 52  52  52 255]]

 [[ 44  44  44 255]
  [ 43  43  43 255]
  [ 44  44  44 255]
  ...
  [ 47  47  47 255]
  [ 46  46  46 255]
  [ 46  46  46 255]]

 [[ 44  44  44 255]
  [ 44  44  44 255]
  [ 44  44  44 255]
  ...
  [ 46  46  46 255]
  [ 44  44  44 255]
  [ 45  45  45 255]]]